2359289660
2163747937
9261230383
4541867174
8675570476
4842003564
9243624708
3833488379
4733727121
2068774486
6329621495
9734107146
9441745225
5006955595
6622741718
6534515022
2847840373
6883386769
2185817795
7319251837
2252155127
9179836993
2135952048
3136366544
3591424149
7946412439
5327710761
0131212147
0583013112
2193560109
6044391804
1187240396
6349898727
9238034159
9153624137
4074928084
1382580764
4592243814
4569227819
1195136331
6198973709
9377744368
4561340988
9035187049
0256243910
9431065960
1404297146
4973128446
7189551081
0921344580
5666494875
8407716536
8731398799
6032103316
3963119357
8509730088
6137962629
1420856487
3960540597
5276864434
8917993391
9355741360
8251362649
8338430066
9392720869
6833501578
3706359136
7585543122
7715553409
0585457194
9976604597
7417440147
0697283540
7570722800
3562234816
4951414294
7182115787
4809640729
9774816240
1093562583
8097263930
3339359927
3578802337
6987450895
9124440673
9709202722
0260034670
4982402479
3998478653
0000315001
8721200100
5760041778
3990887254
6922779483
2904446798
0168528140
3416323897
9549100668
1193145395
1462176212
5639105586
9509488212
0818175237
5439613581
2165145349
0549817450
1981593194
2064957033
3360685194
4722770569
6241163493
2606753737
1748792423
8144412684
1281753281
8078920213
0253939261
8744606720
3343911600
7926398720
3796787846
1702499050
5068310395
3330084447
3502999770
1179413590
1737235903
2378661879
0537722643
0884053430
5129970564
0456671174
6183161008
3804765992
1181210276
0113255019
8910535315
3123879815
8642032865
5209727837
2693484011
0405359393
9692401538
0833945982
6426924317
5206816037
3483131861
3881448467
0003947718
0186269894
0815137606
0698837424
4879184859
9270915615
3008849446
1082583987
2780186883
0568497128
4998567445
1841110280
1009814321
4637887308
6570780947
9370050060
4783635259
5013970642
2494892552
8891671811
9608983939
5581620760
6671110632
1222193035
7389243968
9046075540
9964203834
5552806437
1475455683
9312901062
5233912179
4616840122
0355641973
1270517916
5835055497
2948745590
7899601461
1118488966
7086420475
9557023215
4873825112
7391973064
8048735843
5481603900
2946029708
1495097034
6780102902
1164629250
6158367269
5922447078
3723648558
3118370223
8984105054
0575031083
2840070064
4027021692
3170717369
1712750172
2539254580
6848809442
6563181595
8670516955
5650199276
4388219838
0290862007
0737032954
8123416195
1501047443
7942675351
2185327556
9771394040
0898812660
5915944351
6814164273
5570617207
7121364208
4033222287
1742002239
9411150759
8711399529
7960098472
3515357429
0846721847
1353444426
2885504608
1070371336
3439689787
8838811940
9044372677
9562359923
8636188103
3653350421
0097050770
8846437796
0797553582
8682397569
3394584871
6728439742
3274622914
8350653203
5390061506
3290493903
5084949013
3579416908
3413162839
4572381892
8174961491
8167775642
0471989054
4452899963
8646668692
4023673276
6295161591
5814102275
2190515445
3942810288
3174490061
2380250013
2122482739
6815724546
0330278291
8513284318
0675547813
3215255922
1704091797
2611024731
5830817185
5880438540
2314282770
4122109147
1337577243
5913755874
9551392221
1269000421
8155367933
4650859996
8464929696
4910552263
2382968270
5893449491
5706306603
0784065939
2154505656
2261997496
3179682525
9824843016
0916001887
2695471330
2736585170
7077582264
6038308597
5435921215
8413891379
4188974079
0131125143
4244834093
0362901229
3452443091
5886038599
3047975788
7448360801
4668357168
3051926379
6094501736
5033437928
0998628838
5509656914
2497664062
0186011478
8002776147
2713548501
1898170652
6959146246
8363756366
7702690669
9038244595
5650242547
0385340541
4002901909
6085485014
8366557689
2863179868
4430491759
7936280777
6849216003
0703337672
2394113920
5800808885
4787668356
6000218555
1513289442
2700058517
9036079219
3559430602
9924789625
2906912133
0970945936
0899784780
9031158478
3592034089
9088587975
4218853235
5755073477
8311220983
5377235987
4987700867
0137288160
2742571828
1500264503
6421655033
0600029338
9904918524
7572479031
9117953262
4941488951
9954594430
5182778490
6855934819
1221009723
8799386220
9919828988
8772751368
3498757108
0612222174
4837830740
8789483142
3331094054
2414043893
2928980052
7531817950
1267341159
7640830979
2765805952
0611770049
6237100569
0816431449
8352529146
6508562113
8549811407
5283928080
2460356712
3402556152
2842084502
4296729893
3263058521
8900833894
4123614827
1391117947
1005080104
7044927890
6288643285
4383258136
1504936642
7256050142
3015673878
9927105495
0524296798
3030071070
2837314292
8990043784
3464290212
9834998677
9902293214
3106067050
9734303316
5115624975
8739384423
9643886796
4606741665
1041234527
1658113430
2892025917
0146919558
2996471202
2298807209
3680352357
2139957983
5532750493
4707103097
4008351400
2207986178
1890631543
3296458972
3541113307
3933429658
0784309258
9841259209
6510866333
3288112968
7000541326
9780481364
9989645582
8379270723
9848250322
2120524683
0706124596
9239288366
3944844054
7521054187
4574261163
3682863255
8790373834
8222273200
3939507092
7717907358
9576482984
0941100252
4304306279
6774596848
1455889133
5504259939
7175125554
3855261670
9755423092
8198776765
6312931986
1414241943
1255967802
6654926130
1452831329
8982393138
8652619888
8197374250
6433522965
1645993727
7006575499
2721986543
6536157554
4709246517
6583870958
5781640035
8188961329
3381559770
5298627958
4623024555
9686388611
5268028723
0914043371
2515395052
6049468799
2767539881
8539887014
1892359776
1421065102
8867754794
5218408004
4226029951
6459035099
9534919378
9388730873
5922471787
4700540402
0328338329
8301141509
2045285387
8307621946
5620245856
0315972372
4920515473
4418010879
5783307767
1744941455
7846767122
5636631343
5068571716
2203945730
4935464420
3429297929
9456833508
5883403868
5911954803
0970928545
8876585290
0053300127
4936897517
7778134898
6682925362
8459602027
4122762828
1482342145
3495762361
6587377887
9545548160
5591865709
4785340264
2443441646
3640263322
9277639213
7915386624
3798992645
8405368968
3414779201
3696674419
3671523616
4316929974
5136950182
5780914955
0840769217
5954984349
1945174626
4527942346
3370873918
6976307357
0174129765
9449060395
2818663518
0538673240
3758739406
5748869648
6786958909
1534915256
5279838303
0149700779
1068421294
7093733345
2907095494
6734705179
6947876109
7691639161
7143001746
1108452597
5666635577
7671888451
1300360935
4763919283
5667450496
8385387463
0444646529
9094782613
0529066506
1774678365
4068075858
7645560170
0151669080
8207943396
2618724781
3212784282
7344566413
2860927760
8567258016
1461972583
4060051198
5352018248
6462693595
5841963606
0840274351
9473458638
6484400832
9342826859
0879253526
9713047470
4748910112
7660912107
8493499996
6165109469
4323063912
5495870653
1405190812
9400655746
4636489790
6234880345
5572379716
1690703417
6853064271
6019941956
8056979789
8717944061
5345979711
3144147872
9021878642
1635937878
0353721135
6451824743
8956001370
7176788139
9007793779
4230506642
4814875565
9892963575
9002035223
9887050584
6692569507
1958382715
2009258421
8663620305
5297844288
4649951246
1620055580
4033779584
7690164281
2370558302
6589799749
4882499094
2515947375
1656863861
0583090792
7322318988
4123326342
1913484333
4759659097
6813781297
1564957252
7294187091
2770435189
4643341000
2891431523
0603853077
2605292118
4583500197
8493469255
3122048592
8575646899
3226632716
1066979811
5991988851
8181472437
0284410514
6789631527
9490644845
7747213851
8108935668
7520131777
7314440864
3527618301
3491709808
5319839962
9884053380
0460353610
6265786463
7424878753
3153803477
7602261184
1237458376
4527684604
8868325228
9652989729
2460368852
6106236563
1059357768
5787405759
5562876859
4683763269
2638082467
9503502245
7810114807
0632380114
5701960115
5118422972
6379699348
5204358959
9998210183
9982495463
6466292867
2866613748
5693272099
0282096352
3118660151
3882922440
5086909533
7982921495
7188153548
2821125187
2501646662
7201926760
1662285545
5671473720
3938885631
6633901141
8029476018
8701420329
9632994922
2270148223
9328099977
1114427243
4955791594
0005444156
3940437243
4201073217
0402755860
0920432555
2091733663
3887803147
9555146953
0966863183
5983445032
8038983625
2159849277
0975916309
6025481634
5608542569
1983580115
4668799629
8607362859
1892813603
1043072588
8543681029
3273773082
0330969285
5258361621
4701479213
0622882092
1636272423
0603779013
3002246323
6343071702
1998292617
7375998636
7663915462
2250899973
7078543457
1931757430
5331163304
2945225523
9854251619
1478120972
7189387156
0382189687
9198583800
7225915449
8321963454
2865850641
7616873089
6005823698
2092107696
3853198876
2554934817
8251115000
2422430978
7313423014
4494147466
0709892217
9237614084
6451768763
8572693083
3124525612
2220164009
0505535946
3690108245
3102407603
1052842140
5944849456
6838837854
9568383042
4953746474
3640871282
9237858557
2602665415
0015851543
7809625007
2336252446
7047217187
4384453917
1174710205
7500939798
1104455648
4028902960
3523280342
5668930122
0666938535
9949644555
7212923660
9844269419
5037424115
0870751609
4180252616
7086802224
5880653075
6868064058
1865892051
1769438521
8831486391
3672031043
6069183555
1779586061
1471699803
7508183534
3311045206
6641755503
3467688379
1230816059
9869239292
5887100540
0793771594
3354405968
1066153043
0247806725
7334905043
8162249417
1537574768
7035960011
7255536932
2054366208
0488080864
5049712573
1990888772
9873780621
8742516247
2919044067
2979766506
4567547242
7322724648
9222906353
6203999642
1418222065
3107193682
2412958209
5201890320
7114687427
6479205114
6712503219
9457914712
3955933989
3488127450
1786431003
9792499169
1468398334
8687427208
2769270631
3527006085
6879885887
4406424598
2372312847
9758138563
6969693769
1884395495
1959737833
1271144259
5053615571
0273943747
0007947076
8141988421
6064025367
2667327021
3018580952
2427186789
3210980544
4375438194
7324834244
5384967637
5365923462
2742690285
4137065981
8207423461
8522731424
9337084668
0890583416
1288359410
4507399948
8581653164
8638560754
5690408062
9668183724
9921072701
7797829031
7408314417
6846386965
5914551564
0590610340
0469063448
3827707105
4611298404
7727589050
2386279786
6568370692
5722341957
2805420846
1275589647
0840864570
4463693415
0823789250
0770124962
6857362883
2501592354
8558502571
4798339019
1865028147
3163397563
7170199050
3157044839
9696693772
4567139490
5741104347
5365719361
6135591525
8430543259
2080595713
6832919661
1772722994
3312835408
2728147342
9476978247
5998592271
4976708748
4797692942
3922098602
7906091668
8084017550
6713129150
7854450185
9892679588
6988400080
8080092645
9922119952
5522839312
5474813308
4062710223
3035820020
1103872761
1182005237
7516851911
7284653445
4109575622
1689309433
5074838253
7098629665
1579026319
3774220946
2987160224
9886220966
0440213469
7261057731
8062329963
1549100254
5774966256
5884151816
8377087311
5382257332
8170780737
0341443832
3716272765
9529073311
6648659847
0522604943
1620719085
9722104980
8804230289
9185550136
0999157336
0142949005
1711803849
7229666049
9230431231
0262970314
4102273815
4273593331
0231536922
8682521111
6568658249
1185155875
4161411426
2978800209
5988274556
0671018880
1517776540
2357465794
3928353229
6098976548
0217114091
0319423122
1085570534
5678089902
4112202126
2620124609
8933192009
0863392595
6780813436
7392839668
9607563273
4167925816
8917142315
7835347003
6557558898
8897972039
8879347720
1530694873
6731255834
0474472151
3086326460
4790168940
6106019961
6873670637
6091020813
0984220954
6545807324
5216942187
4021437542
5044789077
4825947965
2097682816
8676978901
7416583042
6086633224
6899935121
8821766827
1335499650
4913825427
6916373024
2589530527
6568065821
3618782538
5895410978
8586212524
0669572097
3916191263
1598658180
1539394878
8673554318
4495956794
6064166760
5709661825
3582927038
4184463711
0971515047
7284124629
6386920247
1984662599
1386289380
1546756286
2765573490
2855456001
7531527230
2687177431
8331552406
8485629033
5603150757
9046464222
6398609307
5753968669
2387572415
5923033356
5409032667
4045405057
6786082344
8048105778
9652993558
3235940368
7724406028
1687253126
2076408128
0818998493
3193188329
3063067857
5577379981
0846296234
8559915666
6283633567
3192254604
2053161454
5370346922
2795282997
3049254549
3709801704
1216995714
9557401216
6714363047
8001411464
4723621547
9493916514
3512007430
1028179091
2272304337
1553633667
2416137825
9169164190
0854049336
1953366407
0907606008
4001638033
3067589480
9410657336
0931309142
3431492773
7846627219
6175616032
3437513260
7056920390
8915060683
5100403547
4733928193
3105792497
0161936907
4956955441
3659559664
2428970848
7867067830
9394902246
0544290420
2330755263
4964799567
6242095910
8117118986
9995586372
3229534827
9801492422
5219920386
7894808993
2242716091
2014945565
8724641852
7934449738
5939016709
5265156726
8660863183
4292421993
3368624231
7676449541
7840295334
9995021388
3090814508
7948276873
2416042622
4602578795
4230626631
2480654657
0617289733
2785695892
9177345021
0047315860
8111586435
1231324623
2650480293
4176272451
9662901525
2595342141
4878952927
8969045421
7218313167
8843180827
9711183034
0630241204
2727462396
2666374905
4988150842
3555695006
0023927749
8667964079
8584533341
2512184701
7191167178
3567898978
8753376975
5616368788
0634407615
9166813432
7898793959
7949819943
9612229338
2280998303
8065607508
4584180847
4331374269
1038614563
2117074936
7220997759
1538092868
9843929185
5082045524
0271682146
1604733705
2274329348
9461260736
8353431493
2288796793
2999876897
5330630014
1559193742
8659701313
3238468291
6640412883
4872052282
2882002335
0852272131
8596394530
7182912103
1029907651
2693143493
2224405221
1826953394
9777505353
7446791200
5582742308
0504946147
1730521087
2728813508
6422381557
0300967040
6036944641
8881467843
6622672747
3594513281
4952265498
5704959235
1558226857
9558417375
4490231400
0415286041
7700041861
6047727914
1806438771
5878837007
2147292519
4637019779
3593953340
5559270813
2545223419
8572112708
1225989580
7239032408
6739421106
9459228087
1818569482
8729078079
5476731968
8267978652
0900694667
8112678433
8609218621
6592096604
0825153637
8367821362
7647994172
2775355615
9911809578
2544263414
4321219267
6739032346
2227855449
9800461330
2980554035
0427359831
5491222463
8513978891
6640850705
5188451929
8066841116
3396432214
8421423236
5984178430
7299437991
6004650267
2937011958
1699199266
6570856803
9527298419
9860216351
8644067310
9117070848
9891989150
3211815074
0161456956
4158321197
5100557178
8934580976
1766040025
8435351770
6256327818
0801129737
5557963939
6900696551
0147906080
0256480344
1633001115
9023207170
1565096134
1256346418
6784593475
5829416371
5589492668
2347293493
7084995026
2426083736
0232697364
3686120892
1944267566
8997795917
5070221259
2066188440
3503529147
4501588884
5269169054
9493387556
6789128588
3494459166
0189692264
2648276346
4740965860
7785392886
5698222443
3296051860
7211599673
0197295273
6968952789
8456267890
4285880028
7138027226
8125347061
3271428441
6840285881
3890317348
9241322928
9061131315
0209747485
5333707034
8051559074
9050060737
1452127150
8877358779
8818307921
6385171318
2501130358
9232859076
5379706756
5779153224
0561119841
2270234007
3288963279
6571957523
3369600101
4186611025
0509527588
0153256669
3329310056
0495534606
0205019246
6386711272
7684237801
0764022147
8217997018
8236911481
8503569406
5987676632
4787254067
7152837261
3642954684
2389659106
3043043374
6400851112
6601087453
5636676954
6105626149
7338524176
7497681824
0205967104
5750297317
9034515821
0605614228
6411191229
5822379765
0224971723
9906424909
3254792186
5770487517
0488838732
4577368692
7394369701
5047095978
5854046089
3304550920
1582727038
5565178549
7264223227
2205744204
9224929133
6713789581
2414511518
2100756284
0845664834
9896876617
4855230904
7450364289
6223054889
2487797636
4208154955
3913299673
5489866124
7473166401
0344210636
4347907408
1031386418
5629825470
5923348641
6461552837
3287587551
2330255586
3642335519
7045002711
6890413398
4880203742
9489649014
2765435023
4361965357
8699351386
5267488643
6243794656
7867174693
0487054036
0830745931
3122600965
1954714758
0414017734
1178653141
8720778666
3447726645
3216064542
5280340582
7798286289
9793140805
0333969841
2376600703
2314123314
0858048711
7545170352
8296373962
6328863264
0150417196
0487228097
9380814300
5503612792
0971085743
6920529409
2382759261
1939338258
3298022013
9539925243
2727547517
2484587443
1487301786
0774477763
9159532034
3680858682
7863465394
8780519875
7902550686
9019996750
1382057202
0095406120
4018296020
1592468584
7930836093
9583630400
0074378809
2765078586
5262362487
8597242044
9987578893
5252536314
7183552794
5327973456
0106175300
5472268644
1396365624
3875606987
2973118554
1784567904
7370661385
0773879180
0532008877
5218333783
7710533981
3959490173
4645858538
9247559226
5900687593
2011845914
0089361496
6891028177
5035975150
7102110752
8926266010
6765422294
6924453659
2604699893
8748731251
6515356925
7286574308
5407165928
2523532975
0870491819
9529081896
3149484249
6236474519
5881042951
8012015032
1193569389
4623056289
9896950435
3299294604
5299293026
7856649462
6690364236
6932726001
1920174799
1910923229
1139407858
1099169508
8751855079
2772986951
4935035001
0888539845
6529708095
0932001964
3149509134
1813797790
2633840832
2164253824
4718999236
9391792453
9565457476
0028952836
4459710015
5507695832
5724384613
7831235422
5298203337
8891917228
9712540857
8527878802
8568256136
6800865838
1608916762
5654064483
3043379772
5388584300
0230432940
9686524085
4667313290
4082071849
6916675097
1641334612
3946190886
8939610655
6635735793
1566909709
2310207541
1090810532
9714872647
5499159372
5344265472
1575125646
8184539447
4632491808
7471407810
6503642164
2478661543
4940975537
5697216097
2732049777
0007228650
2784805713
9321491373
3143746260
0958200305
6920059509
4381747231
9744674529
8674056724
4495517624
7931617224
3135476649
4148058022
2841780933
4206034520
8613966183
6890313532
4541662513
3176432351
6173335971
3992744333
2205320767
4261816505
7888456440
1490215884
3249697258
2522755822
3480781100
1374794718
0268865007
4991312780
5656508746
4381156089
3611344891
8407153554
1288580697
9005666694
2944533876
8049834992
0879197220
4244089856
1004123123
8080645866
0448768895
0812072975
6412916992
9392132077
3291106972
0334062336
2137519834
4226505688
4356535990
3891108621
9194123127
8105396480
0012608560
9063549607
9111048227
7488752969
1444163047
5524082015
5807729881
6951995877
0031016704
8557358886
2709720251
3166148284
5156260576
1491618504
5913010192
6629391413
6216700485
7360059482
2868693996
0853710920
3213471211
6444703578
9047572125
7629218393
4832708711
2274030137
6121471868
9358547076
9306559323
6441079044
9540446842
3195604083
8259063508
2330044591
0543473772
9612413424
1202260713
6821845932
3695844506
2720472184
1009464744
9559031250
0172443495
6621469816
3241942714
0334544541
4212083126
7478219653
6499758923
4627059105
8049662621
6914151704
2842753186
8490252040
0519616726
6180403730
9036584709
2202368770
4272174901
6307358511
6551927781
2619442711
9579625884
3543247049
2769609581
4474482760
3816659823
7680341588
6942945080
3700783312
0866837968
3686247256
6316663177
8937792956
5883772856
0431502384
3905376810
5780107725
1203916839
9060808313
6344310769
0079250742
2358929307
3121640830
8188014052
6109750309
7269010110
4960173971
1175317206
4509592068
5361666490
5537533930
0860492553
6120392714
1939597867
2391773858
7522662458
6552972624
3175364643
2980962815
6169277964
9296435059
1150671743
0833645932
8106778961
8042267672
5389754580
2490331427
4874305886
5903281761
8602873772
1460485415
3781238664
8592453954
4975444181
3586262678
9392816846
6707710505
2068521937
1046295331
4367349441
5894024512
2734605703
8706101403
5778629980
8610505301
3094470457
5818674756
6078659443
9927617209
1755391221
2980305682
8786877289
8978642797
4592857792
9551425786
8623557377
7687065594
2640040504
9334632131
9029304991
6802531137
5062622873
2057924094
4697856420
6461234025
2251553148
7160912894
1579675615
1859965891
1018557271
8303980252
6686365682
5996916825
2594635297
5427305123
5893042539
6533828036
6761293384
8687200366
3933626502
0162922101
8039390951
2163305370
5024380360
3267369648
7935989501
9457295867
1920514116
2719346557
8993065246
6996426934
3144189118
0129534750
6616170538
5111612953
6192517910
1665638867
4894522085
1881167724
0289507359
0899698037
9639088810
7630783488
2917414858
1749704390
7354782109
9519255582
8435516813
9937952003
2240993525
0620557427
9447508101
9943311983
5925197185
2097709366
6126466028
6862087517
6215216238
9854420934
5714463887
9120645749
9664830097
2316725294
7885415430
8827578093
2420518798
5776637318
4805172353
5603772178
2369213031
9507944126
0567389119
9267867457
3788913710
3936171087
4232481567
8929554276
7995694036
3660550546
5446384100
7959516426
5054287599
4463212618
7301015423
0962155205
4415130998
4600537758
3366575716
7994052529
8950204711
5039658851
8996732699
0617182836
4497448871
4151108375
0285906312
6676344426
3353024178
5159489881
4801596901
1285227591
1646935800
4455017290
1446294797
4091665369
6073643252
9573379102
2399611490
4755178834
9605544551
9448291363
6827446118
1202859746
1019549516
5363914596
5972777271
1902640414
0600687937
9550333000
6763008460
0016966242
4781646268
7333295189
8073865236
2367263610
4779377234
4779145744
9956503531
3226846692
8712157917
2552473281
8992690515
5769196103
7121484242
2767266146
7042243937
0461548512
0225111608
7219538987
1971420244
9774448777
0146739790
5779269298
0589486611
6957434655
9458599783
8412960260
8082201479
5907831804
7912373207
6850262987
4567148884
2786227980
2460377760
5299933358
9648393985
4281972579
4069075830
3312146471
9616228886
9759730346
8203913385
9564618981
0095742480
2901826160
2717519007
5604203434
7542401231
4602008337
1411128918
8091441243
7139002455
8112497111
5783490745
2728137205
5549487661
8796691205
3776500554
5195020173
3925969391
8331873416
4937645033
8951683784
4467443913
0994262284
4643627309
8501731837
0288499679
4427631965
7876288982
9017834886
4951198301
7544050207
8633801369
2936779874
4687494368
5950273221
6442995864
3726899399
6520167032
5447182717
1703444171
7779024396
2110802976
0337908384
1646793501
5248181916
8443364255
8767678461
2113151433
2637624580
6984381737
4140402698
3013177704
3639477723
5252730591
6162338182
7761617446
6237315143
7769323321
5228476663
2862362674
1416306033
8356895187
3495407185
8742511207
8080294006
8256491882
4260428647
3090503713
7830543366
9266379749
2294690480
6579808152
7184336838
7044407137
7426130061
5504782614
5274263233
0831257893
5408853261
3533147225
9277881119
8727103465
9880116787
2579795298
6609738411
4038784587
2371968692
3123304382
8814542155
9638065435
6138407685
7511034488
4417175330
0878056552
8349233777
2868550416
4564196921
6696374301
1899296133
3781698771
2709394870
9225839305
6323414314
2568580024
7089016377
0367364274
8053837877
3166869702
6629113685
8680301884
7157936209
1021372319
9921272056
0884538527
9993637535
8600948416
4852936105
4973489834
1753421077
2284972848
8833080996
6748895139
1337067880
0461392859
6483644257
1501637940
0568007330
3336491856
4130371849
8257715314
3377833397
3158524908
4497365425
2117820648
3521011049
5915873485
1110473090
8299240309
2763689144
6486913697
8183411920
1653879751
9641466103
7779971290
7014131854
7122261687
2425238559
7521376011
1741981851
9516103003
1609403740
4235669632
6287593074
9081372214
4096038206
9535633206
4688735190
0422854060
5407934147
2353986065
1941595567
4687745189
1057407767
5377738922
6814090744
0045767765
2346196274
8911381820
5170597972
2263660646
1808894831
8001189754
5180504777
7673496460
3470652892
2948657481
2664416080
3893609456
4338553359
1060435543
3957631062
9130768971
2817004303
8596130808
4948794311
0349616596
9643103278
9334771997
2521201618
5527258034
8450030366
8202195054
6670698935
9751893742
7518463645
4500045945
3858153895
1013734426
9982359260
5326334586
5457015019
2666456969
5185583826
8875300296
7299789106
8507087392
1729576770
8593871858
3167543528
0045027929
9541184482
3776683349
5419077069
2860811272
4279313309
2935042709
1180876934
5173670626
3127626339
3513332488
1942208642
7330836165
8060565159
7943733283
9829438275
2341409811
8517789881
2118738468
3522075976
5472208751
8790429545
2952486984
6110806473
2265807428
4624521726
6923535203
2124384868
6724087941
3486059724
5697639509
7257409347
5375546378
2591135021
9801270916
8251870110
9420109323
4050310734
0189806127
3510406067
2098811274
5381208286
0630623307
2732053419
2359043900
5308529811
7908509261
8935377796
2248698084
2777220500
3728007922
1198605660
1195247928
7327058978
2053019390
6196948966
4745508582
1517633166
2417444797
0049430621
6963000237
0393598539
7380003120
4565289373
0008646570
2087073612
9359833347
3894079278
6058837588
1265629619
7200642418
8445244664
9139577445
1324447002
6277965031
7000678961
1272765316
8307324538
1407662234
9606698433
7441941720
7515738599
1304758403
6629112295
9891446107
6323157900
0594525991
7285400881
6372168669
2239236022
9816330757
8656070022
0356033799
2252327322
0866953435
1833619166
7361163215
8539312845
8473111581
8120181932
9966072966
7415572573
5212939735
8385859934
1557144602
5018748222
8079629517
9645674119
5711111248
8449878322
7317477471
1193284113
0045361624
0240197717
3020947697
0361633260
3617522773
3353576422
1422002545
5028735892
3023109555
2446852833
8370790840
4452300015
0570498949
8550974914
6841421398
9602159195
6466083179
0209914988
9946640335
7851550115
9886695938
2224478508
4945868178
8550922862
3066903711
9462626178
3419416750
6032491103
4404106534
4133380057
5289931929
2816361733
3545707982
6627380414
9962739622
0290765331
9145765135
9984768060
9949470710
4376459078
4712103141
7893004990
5612944873
5647820619
0028718715
9169541534
9614657688
6523132314
7860872149
7057413760
9367031643
7087568467
3220068082
0966190370
7101082008
3609944918
3667707889
6790508526
6992905102
2157626529
8574540482
9354429413
3651232708
0941379270
1988759927
5381044131
6326785528
7901188667
4774492559
6738854575
2479835467
0125409549
9206829221
7411860230
3623122969
7027592996
5207897025
2706226388
8328201854
0939130594
1214033307
6595329007
4058393185
3831491550
1346657597
4015491246
0217182390
7217232801
3598314041
7706682540
2073088353
8690478089
7711808997
3272226636
3722880747
9000514605
1925063828
9264240035
3078616093
4128101905
5988456691
4419562073
2376829004
2092418200
3952167958
9435590428
9829877390
4807495529
5772670878
2343901365
7709202284
6858148526
7435153867
4473048619
4909199251
1251594082
1689648815
3164714433
9569924001
5817155370
6685145898
4604459154
6073083090
5927972654
5623500868
2870372834
1591926147
5944377609
2130722106
8236829252
5992604477
9381052135
0724984761
8138904474
9915790782
8830455466
1005937525
3606180383
3960081567
9171148311
2962782778
7223512590
1213317436
2892319361
1225047185
9384491701
5950577276
2938363842
3468272181
7802612082
8928017996
7725863068
7560995457
2447375054
1909707006
2150618578
5945900598
1433366085
2541974770
4199031601
6422753339
7124216546
0133156429
5061162180
2623023285
2147521294
8741231292
3344264187
4347895611
4824762437
6216995952
7869685859
9085146329
1328586561
1427292774
3823064142
8358404143
2935514911
9512205755
2462347113
2781222166
9669818495
1575484516
3621133553
3622606406
6604809802
9368319517
4124432357
2341014780
8871841670
8198295245
0131053929
8552941885
7435946028
1248931333
9906679433
1518983949
8889522314
1180650699
2659185242
5236782624
9686300758
6613460163
7492111872
5414425595
0145395828
8899424883
2935233539
5349790361
7962650268
6339569682
9311654733
0549476021
5911631897
1967095915
7975883001
2469656832
3236464354
9200761616
9111932118
0378315530
7669032506
2599441331
9922983931
8286306421
8283056806
